i:5
num_hidden_layers:3
h:30:relu
3.530937014147639275e-03 3.303230740129947662e-03 8.842446841299533844e-04 -8.241536561399698257e-04 7.187555311247706413e-04
-2.137233735993504524e-03 -2.429384738206863403e-03 -6.833600345999002457e-04 5.278657190501689911e-04 -4.238530062139034271e-03
-2.165310317650437355e-03 -1.757988589815795422e-03 -3.717719111591577530e-03 -2.058378187939524651e-03 -3.972663078457117081e-03
-1.242381893098354340e-02 -1.577150821685791016e-02 -1.249442063271999359e-02 -1.377404574304819107e-02 -1.473406516015529633e-02
1.884001656435430050e-03 -1.401105197146534920e-03 -2.170296385884284973e-03 -1.740401261486113071e-03 -5.433743936009705067e-04
-1.779326586984097958e-03 -2.133880276232957840e-03 -1.951708924025297165e-03 -3.515258198603987694e-03 -1.109680044464766979e-03
9.988215751945972443e-03 7.901325821876525879e-03 4.107776097953319550e-03 7.251621689647436142e-03 4.819298163056373596e-03
6.295264512300491333e-02 6.226146593689918518e-02 6.236875429749488831e-02 6.249031797051429749e-02 6.268791854381561279e-02
2.469874918460845947e-03 2.594355028122663498e-03 -2.979969605803489685e-03 -3.208039270248264074e-04 1.107633113861083984e-03
1.111803925596177578e-03 -9.750729659572243690e-04 2.735162619501352310e-03 4.302166402339935303e-03 5.013206391595304012e-04
-2.892999909818172455e-04 8.909350144676864147e-04 1.049676793627440929e-03 1.685886876657605171e-03 -2.016781596466898918e-03
1.125454553402960300e-03 -5.799992359243333340e-04 -6.021961569786071777e-03 -5.899214651435613632e-03 -2.365763997659087181e-03
-1.985777635127305984e-03 -3.970758989453315735e-03 -3.783461172133684158e-03 -1.900760340504348278e-03 -4.093524999916553497e-03
1.867805956862866879e-03 2.672693226486444473e-03 4.835716914385557175e-03 1.793897594325244427e-03 5.476333666592836380e-03
3.836957039311528206e-03 3.129739779978990555e-03 2.983463695272803307e-03 2.591406228020787239e-03 3.521801438182592392e-03
2.296062157256528735e-04 7.315996102988719940e-03 -4.111221525818109512e-03 -1.363036921247839928e-03 -9.488970390520989895e-04
-1.378218526951968670e-03 -1.307796686887741089e-03 -2.055595628917217255e-03 -2.700698387343436480e-04 7.081964286044239998e-04
2.558220177888870239e-03 -2.279783831909298897e-03 -1.706516486592590809e-03 1.415012753568589687e-03 2.635432174429297447e-03
2.358801662921905518e-03 1.230023917742073536e-03 2.014831639826297760e-03 1.722854445688426495e-03 3.183154156431555748e-03
-3.170046838931739330e-04 -8.596566622145473957e-04 -2.338537946343421936e-03 -1.431363169103860855e-03 -2.276953775435686111e-03
1.789075031410902739e-04 -3.986302297562360764e-03 -1.329357852227985859e-03 -5.079362890683114529e-04 -5.433601327240467072e-04
8.094110526144504547e-04 -3.155304118990898132e-03 -7.110646693035960197e-04 1.008563907817006111e-03 -1.262355945073068142e-03
2.361573046073317528e-03 4.638600628823041916e-03 5.296778981573879719e-04 -8.039801032282412052e-04 -6.359149119816720486e-04
4.100393876433372498e-02 4.395163431763648987e-02 4.296036064624786377e-02 4.304241016507148743e-02 4.253667220473289490e-02
-1.605440047569572926e-06 -8.320239430759102106e-05 1.356877735815942287e-03 -3.292270412202924490e-04 1.222736202180385590e-03
-6.768454611301422119e-02 -6.769000738859176636e-02 -6.793988496065139771e-02 -6.760497391223907471e-02 -6.768604367971420288e-02
-7.018644828349351883e-04 8.696540025994181633e-04 2.193130319938063622e-03 3.223211038857698441e-03 4.840761248487979174e-04
2.797053195536136627e-03 1.280278898775577545e-03 3.726997179910540581e-03 -4.823790222872048616e-04 2.225116360932588577e-03
-1.885176519863307476e-03 -1.237778807990252972e-03 -3.819493344053626060e-03 -4.646353423595428467e-03 -2.468528691679239273e-03
1.672075595706701279e-04 1.220713485963642597e-03 3.323812037706375122e-03 -1.985387410968542099e-03 2.140717813745141029e-03
h:20:sigmoid
1.128051429986953735e-01 -1.227217242121696472e-01 -1.112807616591453552e-01 1.229735314846038818e-01 -1.053436398506164551e-01 -5.840029567480087280e-02 8.285353332757949829e-02 1.004716232419013977e-01 6.446288316510617733e-04 6.254503969103097916e-03 3.319133818149566650e-02 1.369000673294067383e-01 -1.319016069173812866e-01 5.355459079146385193e-02 1.226941198110580444e-01 -4.681196436285972595e-02 1.003817245364189148e-01 1.473139319568872452e-02 1.155398134142160416e-02 4.848469048738479614e-02 -4.180419724434614182e-03 -2.444123178720474243e-01 -3.125197812914848328e-02 -9.876405447721481323e-02 -4.694578796625137329e-02 -6.253945827484130859e-02 2.637004852294921875e-02 -8.641342073678970337e-02 -1.215174272656440735e-01 1.398945003747940063e-01
1.053533926606178284e-01 4.940577447414398193e-01 4.289229214191436768e-01 7.647898793220520020e-01 2.192900478839874268e-01 5.463317036628723145e-01 -2.255772054195404053e-02 -1.668524593114852905e-01 -1.572608388960361481e-02 2.264557927846908569e-01 1.722710281610488892e-01 1.322720646858215332e-01 5.450869798660278320e-01 -6.855785101652145386e-02 2.117600888013839722e-01 4.223750159144401550e-02 1.126408949494361877e-01 2.613239586353302002e-01 2.955094575881958008e-01 1.961641013622283936e-01 4.413738250732421875e-01 4.721452295780181885e-01 1.319388300180435181e-01 2.595304250717163086e-01 3.757992088794708252e-01 6.556513309478759766e-01 1.624982357025146484e-01 7.936233282089233398e-02 3.065108358860015869e-01 5.610741376876831055e-01
-1.319801211357116699e-01 4.025850296020507812e-01 3.788591027259826660e-01 4.316425323486328125e-01 2.065021693706512451e-01 5.039041638374328613e-01 2.564794719219207764e-01 -1.684470176696777344e-01 5.970980506390333176e-03 2.243682742118835449e-01 1.898418962955474854e-01 1.653730869293212891e-01 4.084536433219909668e-01 1.583780497312545776e-01 1.712066680192947388e-01 9.626507014036178589e-02 -1.148148849606513977e-01 2.875347435474395752e-01 1.959672123193740845e-01 1.714172363281250000e-01 3.503154814243316650e-01 2.000439614057540894e-01 -4.959704726934432983e-02 9.164726734161376953e-02 2.380831241607666016e-01 4.729948639869689941e-01 1.076522395014762878e-01 1.900854408740997314e-01 2.690902352333068848e-01 1.708990931510925293e-01
-4.244177788496017456e-02 1.278230994939804077e-01 3.435914963483810425e-02 1.961410343647003174e-01 1.123592182993888855e-01 6.454687565565109253e-02 -5.223821103572845459e-02 9.801388531923294067e-02 6.086635868996381760e-03 -6.848403066396713257e-02 4.898744821548461914e-02 1.461125016212463379e-01 8.909368515014648438e-02 -1.710446625947952271e-01 4.921489581465721130e-02 -6.896188855171203613e-02 1.968405246734619141e-01 2.971087209880352020e-02 -3.457274287939071655e-03 -8.866485953330993652e-02 1.861755102872848511e-01 -5.224985070526599884e-03 -4.263046383857727051e-02 -5.340785905718803406e-02 9.783778339624404907e-03 -1.101754382252693176e-01 -1.123279612511396408e-02 -6.223856657743453979e-02 -4.651340097188949585e-02 -1.601253636181354523e-02
1.237556561827659607e-01 -1.424238830804824829e-01 6.647689640522003174e-02 6.315939128398895264e-02 -5.569830536842346191e-02 1.857184618711471558e-01 9.279401600360870361e-02 -5.359340831637382507e-02 1.148238480091094971e-01 -1.168305613100528717e-02 -4.350150004029273987e-02 -1.180346310138702393e-01 -9.181711077690124512e-02 -6.575444340705871582e-02 -1.132373660802841187e-01 2.104652225971221924e-01 -1.343688666820526123e-01 7.851559668779373169e-02 3.003757679834961891e-03 1.646094024181365967e-02 -1.005738824605941772e-01 -2.666511535644531250e-01 1.562129799276590347e-02 3.866342594847083092e-03 4.566884785890579224e-02 4.592343419790267944e-02 -4.045142233371734619e-02 1.165678128600120544e-01 -1.094918847084045410e-01 3.995133191347122192e-02
-3.866109251976013184e-02 -1.036049239337444305e-02 -1.384735666215419769e-02 6.426753848791122437e-02 -3.577861934900283813e-02 -6.216281279921531677e-02 1.848016083240509033e-01 1.474049990065395832e-03 -5.907716229557991028e-02 2.170831859111785889e-01 3.704781457781791687e-02 2.584360837936401367e-01 3.787098452448844910e-02 5.159460008144378662e-02 -1.284702420234680176e-01 3.819258883595466614e-02 -2.440399117767810822e-02 1.311617046594619751e-01 2.629148587584495544e-02 1.223077848553657532e-01 6.041450798511505127e-02 -1.869335025548934937e-02 8.022816618904471397e-04 -1.107483655214309692e-01 -2.831100299954414368e-02 1.897935755550861359e-02 7.415397465229034424e-02 1.268202364444732666e-01 4.941608011722564697e-02 1.162719801068305969e-01
4.320265259593725204e-03 4.713974148035049438e-02 -9.418323636054992676e-02 9.319035708904266357e-02 -3.500003740191459656e-02 6.014134362339973450e-02 2.912506088614463806e-02 -2.993997335433959961e-01 2.169123291969299316e-02 1.425479259341955185e-02 9.585540741682052612e-02 3.030561208724975586e-01 8.578582853078842163e-02 -1.108144745230674744e-01 -1.884784847497940063e-01 -8.432799577713012695e-02 1.734484732151031494e-01 -6.722629070281982422e-02 -4.301243275403976440e-02 -4.096876829862594604e-02 -1.085478141903877258e-01 -7.594095915555953979e-02 1.625705659389495850e-01 3.726072311401367188e-01 5.343746766448020935e-02 1.179869193583726883e-02 -2.999076619744300842e-02 1.166612952947616577e-01 1.575125157833099365e-01 1.667641103267669678e-02
-9.291796386241912842e-02 -9.630247950553894043e-02 1.488086581230163574e-01 5.221908912062644958e-02 -6.097940355539321899e-02 -7.314492762088775635e-02 6.815587729215621948e-02 -1.328115630894899368e-02 -6.697929650545120239e-02 1.282198429107666016e-01 7.467805594205856323e-02 -3.298543691635131836e-01 -5.696446821093559265e-02 1.582120954990386963e-01 -6.718660891056060791e-02 -8.861000835895538330e-02 8.859093487262725830e-02 3.633045777678489685e-02 3.446327522397041321e-02 5.704166740179061890e-02 -1.341888457536697388e-01 1.372774392366409302e-01 9.361639618873596191e-02 7.041060924530029297e-02 -1.217961832880973816e-01 -4.818810895085334778e-02 -8.258198946714401245e-02 1.673323810100555420e-01 1.213291734457015991e-01 9.519281983375549316e-02
-1.520353555679321289e-01 -6.801097840070724487e-02 -1.285288333892822266e-01 -2.077114433050155640e-01 -7.837617397308349609e-02 -3.783155465498566628e-03 -8.708675950765609741e-02 -4.915612936019897461e-02 1.108194217085838318e-01 -5.282783880829811096e-02 1.129454653710126877e-02 -1.102655753493309021e-01 9.320097044110298157e-03 -9.158962965011596680e-02 -1.586713641881942749e-01 -9.916076064109802246e-02 -6.426515523344278336e-03 -1.344693899154663086e-01 -3.488614037632942200e-02 -3.093595243990421295e-02 -1.481306254863739014e-01 -2.005096524953842163e-01 1.241518836468458176e-02 -1.957705020904541016e-01 2.771620452404022217e-02 2.340486049652099609e-01 1.180991381406784058e-01 -1.566066890954971313e-01 9.707347303628921509e-02 -2.753602340817451477e-02
-6.120589561760425568e-03 1.121956929564476013e-01 -1.270149797201156616e-01 -5.805233493447303772e-02 -1.196058019995689392e-01 1.393800675868988037e-01 4.125954210758209229e-01 -4.456697776913642883e-02 -7.048139721155166626e-02 1.549532115459442139e-01 -4.353579133749008179e-02 2.436687648296356201e-01 1.030345447361469269e-02 2.746962308883666992e-01 1.989768892526626587e-01 -2.639555931091308594e-02 1.715362370014190674e-01 1.359026134014129639e-01 3.041125461459159851e-02 1.112203598022460938e-01 5.038971081376075745e-02 -1.705007404088973999e-01 -1.521316319704055786e-01 3.602701053023338318e-02 -1.217501014471054077e-01 -4.636892676353454590e-02 -6.489241868257522583e-02 1.714579202234745026e-02 -1.167914792895317078e-01 -1.996918320655822754e-01
-4.368231818079948425e-02 1.543214023113250732e-01 1.825367510318756104e-01 2.109650373458862305e-01 1.655944734811782837e-01 1.827570497989654541e-01 7.791618257761001587e-02 -6.754570454359054565e-02 -7.689968682825565338e-03 1.509262472391128540e-01 8.832455426454544067e-02 1.972228586673736572e-01 1.182724460959434509e-01 -2.808302827179431915e-02 -1.779178380966186523e-01 1.913671642541885376e-01 -1.290139406919479370e-01 2.353817969560623169e-01 5.991511419415473938e-02 7.758519798517227173e-02 2.116570770740509033e-01 1.675634086132049561e-01 -2.137824706733226776e-02 1.580101102590560913e-01 3.828078135848045349e-02 1.017296686768531799e-01 3.698728978633880615e-02 1.935986727476119995e-01 -3.176545957103371620e-03 -3.972610831260681152e-02
-1.004586890339851379e-01 1.235479116439819336e-01 1.317851990461349487e-01 -5.912900343537330627e-02 -4.270945489406585693e-02 2.259662747383117676e-01 1.030018031597137451e-01 1.443305760622024536e-01 5.982914194464683533e-02 3.362631797790527344e-02 9.495933353900909424e-02 1.752845197916030884e-01 3.139150440692901611e-01 5.246945098042488098e-02 -4.258659109473228455e-02 -1.432633697986602783e-01 9.111728519201278687e-02 -9.246270358562469482e-02 5.933300033211708069e-02 2.453781850636005402e-02 -2.890413068234920502e-02 -1.644469946622848511e-01 -1.183707825839519501e-02 6.692777574062347412e-02 8.071999251842498779e-02 1.692084223031997681e-02 8.398970216512680054e-02 9.856842458248138428e-02 3.849701285362243652e-01 1.955590769648551941e-02
7.298292219638824463e-02 1.056855842471122742e-01 1.178881078958511353e-01 -1.481761485338211060e-01 -2.485763132572174072e-01 1.812613010406494141e-01 7.902148365974426270e-02 9.623681753873825073e-02 1.643069386482238770e-01 -5.265498533844947815e-02 3.031572699546813965e-01 -5.996249243617057800e-02 1.872043460607528687e-01 -1.440237015485763550e-01 -1.068131774663925171e-01 5.241483077406883240e-02 -8.178222924470901489e-02 -5.573177710175514221e-02 1.450422853231430054e-01 2.320701181888580322e-01 2.250669151544570923e-02 2.460373751819133759e-02 -3.881700709462165833e-02 -7.986038923263549805e-02 1.620199531316757202e-01 -4.962442442774772644e-02 3.427381515502929688e-01 2.086947411298751831e-01 2.942331135272979736e-01 -2.210912257432937622e-01
-7.538511604070663452e-02 2.328660897910594940e-02 -7.929764688014984131e-02 -2.009433656930923462e-01 -6.030648574233055115e-02 -1.730448901653289795e-01 3.212888957932591438e-03 -1.716465055942535400e-01 -7.575140893459320068e-02 1.120363399386405945e-01 -1.743512041866779327e-02 -1.157061532139778137e-01 -3.458021208643913269e-02 -1.303772330284118652e-01 1.176548823714256287e-01 1.849190797656774521e-03 -1.244740560650825500e-02 3.419644758105278015e-02 3.041015379130840302e-02 -1.674924232065677643e-02 -5.941680446267127991e-02 -9.479104727506637573e-02 3.422694653272628784e-02 1.750222742557525635e-01 1.190823875367641449e-02 1.044034659862518311e-01 1.826619505882263184e-01 -6.797973811626434326e-02 5.362674221396446228e-02 8.105913549661636353e-02
-1.897054724395275116e-02 1.107227206230163574e-01 -1.034255549311637878e-01 -3.314474597573280334e-02 1.111540272831916809e-01 -1.309875845909118652e-01 1.547107845544815063e-01 -8.929000049829483032e-02 1.031890586018562317e-01 -1.230187863111495972e-01 -1.798971928656101227e-02 2.855508774518966675e-02 -1.097702458500862122e-01 2.408206611871719360e-01 2.794564366340637207e-01 -3.142692148685455322e-03 2.811720514728222042e-05 4.946667701005935669e-02 4.983941465616226196e-02 1.149857416749000549e-01 -8.873829245567321777e-02 1.742819994688034058e-01 3.142606094479560852e-02 -9.067576611414551735e-04 -1.051647812128067017e-01 6.748413294553756714e-02 -3.035100921988487244e-02 4.969198722392320633e-03 -2.359948158264160156e-01 -2.164583206176757812e-01
1.010471116751432419e-02 -6.715346127748489380e-02 -2.221576683223247528e-02 -2.764114141464233398e-01 5.153787508606910706e-02 -1.250644475221633911e-01 -7.171484827995300293e-02 -1.493154913187026978e-01 8.406854420900344849e-02 8.689516223967075348e-03 5.676962435245513916e-03 -2.111863903701305389e-02 6.229182332754135132e-02 -5.203496664762496948e-02 -1.980455070734024048e-01 -1.096826419234275818e-01 3.108311630785465240e-02 -9.646587818861007690e-02 -5.767367035150527954e-02 5.184848327189683914e-03 -8.128410577774047852e-02 -4.143883660435676575e-02 1.639555692672729492e-01 3.131706714630126953e-01 -4.672849550843238831e-03 1.033441536128520966e-02 6.734099239110946655e-02 6.134839728474617004e-03 1.906800642609596252e-02 1.401494741439819336e-01
-4.399263858795166016e-02 -1.330590457655489445e-03 -1.341473758220672607e-01 1.580161042511463165e-02 -1.206437721848487854e-01 -9.036803990602493286e-02 3.899851068854331970e-02 -2.488887868821620941e-02 1.642538234591484070e-02 5.810306593775749207e-02 -8.583906292915344238e-02 8.098240941762924194e-02 -7.208287250250577927e-03 -4.327479749917984009e-03 1.598502397537231445e-01 7.210443913936614990e-02 -9.718529880046844482e-02 -8.188437670469284058e-02 7.311289012432098389e-02 2.837038226425647736e-02 -1.472832858562469482e-01 -9.183912724256515503e-02 1.938499808311462402e-01 8.486084640026092529e-02 6.318973377346992493e-03 -4.791664704680442810e-02 4.653252661228179932e-02 -5.536653101444244385e-02 2.071549594402313232e-01 3.414487466216087341e-02
1.092356890439987183e-01 -2.893156558275222778e-02 3.122121468186378479e-02 -5.708570778369903564e-02 -5.002303421497344971e-02 -2.328065969049930573e-02 -1.256856024265289307e-01 -1.461978815495967865e-02 1.806305907666683197e-02 -8.209192752838134766e-02 1.747297048568725586e-01 -2.699810862541198730e-01 5.773406941443681717e-03 -2.237737551331520081e-02 2.182058990001678467e-01 -1.259229183197021484e-01 2.687813043594360352e-01 -8.384961634874343872e-02 1.287634223699569702e-01 -2.134279161691665649e-02 3.793136402964591980e-02 -1.062733158469200134e-01 1.371240168809890747e-01 -4.801305755972862244e-02 -8.703464269638061523e-02 7.271274179220199585e-02 -7.873246818780899048e-02 -1.262327283620834351e-01 -4.127734154462814331e-02 -7.051105611026287079e-03
3.157991468906402588e-01 -1.889718770980834961e-01 -5.596258863806724548e-02 -1.079538986086845398e-01 -3.019805550575256348e-01 -2.951620519161224365e-01 5.721587538719177246e-01 3.438464105129241943e-01 -2.932808995246887207e-01 9.149549156427383423e-02 -9.473078884184360504e-03 -2.331296801567077637e-01 -3.442935347557067871e-01 4.516698420047760010e-01 3.380002379417419434e-01 -3.160219788551330566e-01 4.058555066585540771e-01 -2.235780656337738037e-01 2.276343405246734619e-01 -1.029856726527214050e-01 -2.043745070695877075e-01 -6.219401583075523376e-02 -1.552388351410627365e-02 1.556235700845718384e-01 -1.159016340970993042e-01 2.430929839611053467e-01 -2.650142908096313477e-01 3.386057913303375244e-02 1.930748522281646729e-01 1.853886246681213379e-01
-2.648048661649227142e-02 -1.140869259834289551e-01 1.771791465580463409e-02 2.760617434978485107e-01 -1.044936403632164001e-01 6.649048998951911926e-03 3.759988816455006599e-03 1.567307412624359131e-01 -5.398779641836881638e-03 4.578918218612670898e-02 -6.092579290270805359e-02 1.253660172224044800e-01 -1.832439191639423370e-02 6.649833172559738159e-02 -1.097202822566032410e-01 -1.128461807966232300e-01 7.296157628297805786e-02 -8.755342662334442139e-02 -2.733769640326499939e-02 5.258076265454292297e-02 1.250771880149841309e-01 3.442492708563804626e-02 -3.858169540762901306e-02 -3.009892404079437256e-01 -7.148959487676620483e-02 -1.129578053951263428e-02 -9.302045218646526337e-03 -8.017864078283309937e-02 1.184810325503349304e-01 1.508620828390121460e-01
h:30:relu
-3.334794938564300537e-01 -2.212595641613006592e-01 -1.877744942903518677e-01 2.995912134647369385e-01 4.381211102008819580e-02 -1.782062463462352753e-02 -1.586700975894927979e-01 -2.263461053371429443e-01 -1.384745389223098755e-01 -7.331996411085128784e-02 -1.902815401554107666e-01 -2.813087403774261475e-01 -8.822268992662429810e-02 2.667209506034851074e-01 -1.200239658355712891e-01 3.572950661182403564e-01 1.917215436697006226e-01 -2.267485707998275757e-01 -2.951586842536926270e-01 -1.120601221919059753e-01
-5.490666627883911133e-01 1.904461979866027832e-01 1.003600656986236572e-01 -5.836586952209472656e-01 4.231596887111663818e-01 4.191976487636566162e-01 1.032126903533935547e+00 -5.347906351089477539e-01 3.060040064156055450e-02 -3.688755333423614502e-01 3.708074986934661865e-02 7.366526722908020020e-01 2.135379239916801453e-02 1.373415350914001465e+00 4.444786906242370605e-01 -4.758087098598480225e-01 -9.660189747810363770e-01 7.475158572196960449e-01 6.331008672714233398e-01 1.178138971328735352e+00
1.533065080642700195e+00 1.004180788993835449e+00 -2.103731632232666016e-01 1.125374794006347656e+00 -6.448714137077331543e-01 -3.262838125228881836e-01 -8.288564085960388184e-01 9.395897388458251953e-01 4.929916560649871826e-01 3.823693394660949707e-01 1.069525241851806641e+00 2.210326120257377625e-02 7.413683533668518066e-01 -8.188351988792419434e-01 -5.246463418006896973e-01 8.385632634162902832e-01 1.366582632064819336e+00 -7.920473814010620117e-01 6.793626546859741211e-01 -7.685163021087646484e-01
1.430104494094848633e+00 4.168254733085632324e-01 2.753499150276184082e-01 1.476926088333129883e+00 -1.050059646368026733e-01 -7.440621256828308105e-01 -7.611036300659179688e-01 1.218479156494140625e+00 4.141574800014495850e-01 9.625999927520751953e-01 1.061911106109619141e+00 1.997601389884948730e-01 4.393065571784973145e-01 -8.682969212532043457e-01 -2.949517071247100830e-01 1.114449262619018555e+00 8.822684884071350098e-01 -7.228538393974304199e-01 4.524400830268859863e-01 -9.564083218574523926e-01
1.392240881919860840e+00 7.279588580131530762e-01 -3.204144537448883057e-02 1.017303347587585449e+00 -6.248059272766113281e-01 -8.323128819465637207e-01 -6.177656054496765137e-01 1.335079908370971680e+00 6.068802475929260254e-01 9.606369733810424805e-01 1.112720847129821777e+00 1.376582682132720947e-01 7.356148958206176758e-01 -1.277946710586547852e+00 -1.624591499567031860e-01 1.051760315895080566e+00 1.288063645362854004e+00 -5.730733871459960938e-01 5.148962140083312988e-01 -6.263497471809387207e-01
1.328925848007202148e+00 7.801203727722167969e-01 2.813285589218139648e-01 1.159291982650756836e+00 -5.821790099143981934e-01 -6.046409606933593750e-01 -3.398145139217376709e-01 8.684014081954956055e-01 1.832475960254669189e-01 6.347695589065551758e-01 8.501362800598144531e-01 3.125999867916107178e-02 7.126688957214355469e-01 -8.175269365310668945e-01 -6.441755294799804688e-01 9.715730547904968262e-01 1.193358063697814941e+00 -7.696835994720458984e-01 7.177790999412536621e-01 -7.144143581390380859e-01
1.405275940895080566e+00 7.926736474037170410e-01 -5.803098902106285095e-02 1.258530855178833008e+00 -4.870021045207977295e-01 -5.549036860466003418e-01 -7.268103957176208496e-01 6.972072124481201172e-01 5.660884380340576172e-01 6.318835020065307617e-01 9.987762570381164551e-01 -8.858840912580490112e-02 6.989092826843261719e-01 -1.247740864753723145e+00 -4.242732524871826172e-01 7.951471805572509766e-01 1.143272876739501953e+00 -1.498942077159881592e-01 2.439087480306625366e-01 -4.757897555828094482e-01
1.044654488563537598e+00 7.094079852104187012e-01 8.054929971694946289e-02 1.394338846206665039e+00 -5.382495522499084473e-01 -8.567540645599365234e-01 -6.846187114715576172e-01 8.806716203689575195e-01 3.963302671909332275e-01 3.233093023300170898e-01 1.118761301040649414e+00 4.792093932628631592e-01 3.608679175376892090e-01 -1.170568466186523438e+00 -3.549823760986328125e-01 1.117645859718322754e+00 1.383789062500000000e+00 -7.582375407218933105e-01 6.777419447898864746e-01 -7.487328052520751953e-01
-4.569481313228607178e-01 4.809616208076477051e-01 1.057594716548919678e-01 -9.279611110687255859e-01 4.654309451580047607e-01 5.941621661186218262e-01 1.121429085731506348e+00 -5.083365440368652344e-01 -6.027125567197799683e-02 -1.217243000864982605e-01 2.746853530406951904e-01 5.724928379058837891e-01 -8.233706653118133545e-02 1.059224724769592285e+00 6.367811560630798340e-01 -3.971830606460571289e-01 -8.626746535301208496e-01 8.722466230392456055e-01 2.573500275611877441e-01 8.585554957389831543e-01
1.471741199493408203e+00 5.799499750137329102e-01 -2.679843902587890625e-01 1.092962861061096191e+00 -1.135917976498603821e-01 -3.620598018169403076e-01 -8.514979481697082520e-01 8.857251405715942383e-01 1.607736647129058838e-01 5.601029396057128906e-01 1.142301559448242188e+00 1.284267455339431763e-01 5.390034317970275879e-01 -7.404490709304809570e-01 -8.207239508628845215e-01 1.027981042861938477e+00 1.264572501182556152e+00 -3.169219195842742920e-01 7.783245444297790527e-01 -9.512575268745422363e-01
-7.167219519615173340e-01 1.260456591844558716e-01 2.294619530439376831e-01 -5.763821601867675781e-01 7.495405673980712891e-01 9.488997459411621094e-01 9.894719719886779785e-01 -6.402146220207214355e-01 2.190016582608222961e-02 -3.964801505208015442e-02 2.221378833055496216e-01 5.384743213653564453e-01 -3.507215976715087891e-01 9.915499687194824219e-01 3.814669549465179443e-01 -2.791554629802703857e-01 -5.300707817077636719e-01 4.530255496501922607e-01 4.746763706207275391e-01 1.191511631011962891e+00
-1.508600860834121704e-01 2.316429316997528076e-01 -2.417657077312469482e-01 -9.047195198945701122e-04 2.828024625778198242e-01 -1.283164620399475098e-01 -1.729612052440643311e-01 -1.471043676137924194e-01 -2.453905791044235229e-01 -2.092208862304687500e-01 1.226964294910430908e-01 -1.975936740636825562e-01 -2.743960022926330566e-01 -4.844395443797111511e-02 -1.091244965791702271e-01 1.545480340719223022e-01 4.267438128590583801e-02 -3.061727583408355713e-01 -9.914530068635940552e-02 1.645119190216064453e-01
1.083285093307495117e+00 4.915390014648437500e-01 -3.074266314506530762e-01 1.224510431289672852e+00 -3.890533149242401123e-01 -7.736146450042724609e-01 -9.944354891777038574e-01 1.318597078323364258e+00 3.549610972404479980e-01 4.497506022453308105e-01 1.038188695907592773e+00 2.197638303041458130e-01 3.092268109321594238e-01 -1.006606936454772949e+00 -6.965625882148742676e-01 1.056260108947753906e+00 8.027376532554626465e-01 -1.795339733362197876e-01 8.767912983894348145e-01 -2.253468781709671021e-01
-6.102972626686096191e-01 4.224499464035034180e-01 2.079457491636276245e-01 -9.057035446166992188e-01 4.804721772670745850e-01 3.128826320171356201e-01 8.383669257164001465e-01 -3.568652570247650146e-01 3.627399355173110962e-02 -4.221732914447784424e-01 1.436643749475479126e-01 8.035815358161926270e-01 1.236572414636611938e-01 1.383790254592895508e+00 6.154373884201049805e-01 -4.530771672725677490e-01 -9.535996913909912109e-01 7.579219937324523926e-01 4.446587562561035156e-01 6.354458928108215332e-01
-1.426898837089538574e-01 -2.961896061897277832e-01 -2.930704355239868164e-01 1.175514012575149536e-01 6.043842062354087830e-02 -2.143923640251159668e-01 -2.324500679969787598e-01 9.555090218782424927e-02 -1.857646256685256958e-01 5.887773260474205017e-02 -3.451773822307586670e-01 -2.351423799991607666e-01 -1.607330590486526489e-01 -2.919434010982513428e-01 2.260418795049190521e-02 8.756320178508758545e-02 -5.871628224849700928e-02 1.448827832937240601e-01 -1.283860951662063599e-01 -6.451262533664703369e-02
1.220369935035705566e+00 6.154244542121887207e-01 -1.077359765768051147e-01 1.218647599220275879e+00 -5.589247345924377441e-01 -1.895750910043716431e-01 -2.842409312725067139e-01 9.296489357948303223e-01 4.766434729099273682e-01 8.759300112724304199e-01 9.731398820877075195e-01 4.624778032302856445e-01 5.151842236518859863e-01 -1.137372493743896484e+00 -7.256110310554504395e-01 9.179516434669494629e-01 9.133986234664916992e-01 -5.699429512023925781e-01 2.841121256351470947e-01 -8.099331259727478027e-01
-9.299246668815612793e-01 2.782372534275054932e-01 2.755709290504455566e-01 -4.844598174095153809e-01 4.206131398677825928e-01 8.173214793205261230e-01 6.516711711883544922e-01 -5.556299686431884766e-01 -3.889100253582000732e-01 -4.683425724506378174e-01 2.402863800525665283e-01 8.431903719902038574e-01 -1.075709238648414612e-01 8.437811732292175293e-01 7.954248189926147461e-01 -8.087079524993896484e-01 -4.767810106277465820e-01 6.647238135337829590e-01 5.977314710617065430e-01 1.294024229049682617e+00
9.403817057609558105e-01 6.945202946662902832e-01 -1.613987982273101807e-01 1.105333089828491211e+00 -3.325143754482269287e-01 -2.782219052314758301e-01 -8.798983097076416016e-01 1.159320473670959473e+00 2.741678655147552490e-01 7.028435468673706055e-01 1.169510245323181152e+00 6.199066638946533203e-01 7.830554246902465820e-01 -1.000516295433044434e+00 -7.606859207153320312e-01 1.167413711547851562e+00 9.421319961547851562e-01 -8.212502598762512207e-01 7.677882909774780273e-01 -9.122989177703857422e-01
-6.380121111869812012e-01 5.599746704101562500e-01 5.349816679954528809e-01 -6.875259876251220703e-01 7.358142733573913574e-01 4.327954649925231934e-01 8.696705102920532227e-01 -7.042424678802490234e-01 -2.681282162666320801e-01 1.557199507951736450e-01 -7.749962061643600464e-02 8.117964267730712891e-01 -3.413761258125305176e-01 1.100560069084167480e+00 7.113641500473022461e-01 -2.080192416906356812e-01 -8.659482598304748535e-01 9.561586380004882812e-01 1.404640674591064453e-01 1.109151959419250488e+00
-5.436987876892089844e-01 3.080733716487884521e-01 4.794641733169555664e-01 -8.609305620193481445e-01 3.754643201828002930e-01 5.092005133628845215e-01 6.852105855941772461e-01 -6.537992954254150391e-01 -2.466584891080856323e-01 -1.663476601243019104e-02 -2.515934407711029053e-01 8.174666166305541992e-01 2.233457006514072418e-02 8.188260793685913086e-01 9.489643573760986328e-01 -2.494513690471649170e-01 -9.491522908210754395e-01 1.023726820945739746e+00 5.038634538650512695e-01 1.053505539894104004e+00
-9.895937442779541016e-01 5.793076157569885254e-01 4.410944283008575439e-01 -8.625299930572509766e-01 5.960451960563659668e-01 9.693039655685424805e-01 4.835778474807739258e-01 -4.129617810249328613e-01 -7.022557407617568970e-02 5.194419249892234802e-02 3.915798291563987732e-02 9.674881100654602051e-01 1.577392965555191040e-01 1.193184971809387207e+00 3.054920732975006104e-01 -8.390135169029235840e-01 -5.785112977027893066e-01 9.309781193733215332e-01 6.695824861526489258e-02 1.061833143234252930e+00
-7.106403708457946777e-01 5.818645358085632324e-01 5.234755277633666992e-01 -5.073888897895812988e-01 8.210242390632629395e-01 7.591744065284729004e-01 7.793895006179809570e-01 -2.340234816074371338e-01 -4.070498347282409668e-01 -1.296575963497161865e-01 -7.471787743270397186e-03 4.775671958923339844e-01 -4.937819018959999084e-02 1.083566188812255859e+00 1.085695385932922363e+00 -6.818104982376098633e-01 -7.676569223403930664e-01 9.808001518249511719e-01 6.867589801549911499e-02 1.288238048553466797e+00
-6.522558927536010742e-01 8.554980158805847168e-02 5.381600856781005859e-01 -7.175863385200500488e-01 7.492642998695373535e-01 3.808563053607940674e-01 6.298014521598815918e-01 -2.622076570987701416e-01 -2.556404769420623779e-01 -2.105594426393508911e-01 4.440193176269531250e-01 3.414505124092102051e-01 1.305287033319473267e-01 1.166925191879272461e+00 7.335626482963562012e-01 -2.428207248449325562e-01 -9.592784643173217773e-01 6.306520700454711914e-01 2.654011249542236328e-01 1.241741776466369629e+00
1.303136795759201050e-01 -1.836174726486206055e-01 -1.064393967390060425e-01 -2.155606448650360107e-01 2.925078272819519043e-01 5.809591338038444519e-02 -3.089516758918762207e-01 1.914032846689224243e-01 8.560980786569416523e-04 -1.119064092636108398e-01 2.766889631748199463e-01 -1.931225657463073730e-01 -8.139132708311080933e-02 -5.166176706552505493e-04 -3.723299503326416016e-01 -3.639660477638244629e-01 -3.078107535839080811e-01 6.035558134317398071e-02 -7.020573318004608154e-02 -9.114097803831100464e-02
-8.346136808395385742e-01 2.718093097209930420e-01 5.543079376220703125e-01 -3.109064996242523193e-01 6.994983553886413574e-01 4.381059408187866211e-01 4.781401455402374268e-01 -4.227334558963775635e-01 -1.358980983495712280e-01 -2.704883813858032227e-01 2.288429439067840576e-01 5.622920989990234375e-01 -8.374831825494766235e-02 1.191433429718017578e+00 8.801727294921875000e-01 -4.546386003494262695e-01 -5.275459885597229004e-01 8.106443881988525391e-01 4.439771175384521484e-02 1.112218618392944336e+00
-9.562752842903137207e-01 2.958355471491813660e-02 2.927891016006469727e-01 -8.125289082527160645e-01 5.730071067810058594e-01 4.167032241821289062e-01 5.739398002624511719e-01 -3.458610773086547852e-01 -2.696541547775268555e-01 1.118636652827262878e-01 5.870455503463745117e-02 9.591655731201171875e-01 7.362481206655502319e-02 9.765390753746032715e-01 9.742829799652099609e-01 -1.284863650798797607e-01 -1.010392308235168457e+00 1.069070339202880859e+00 1.710425764322280884e-01 1.128624916076660156e+00
-5.394812822341918945e-01 1.061831340193748474e-01 5.090102553367614746e-01 -8.700016736984252930e-01 7.508003115653991699e-01 4.294720292091369629e-01 6.372898221015930176e-01 -4.524885714054107666e-01 -4.907751679420471191e-01 -3.448941707611083984e-01 2.985349595546722412e-01 9.304257035255432129e-01 -2.340941503643989563e-02 1.222591996192932129e+00 6.778439879417419434e-01 -5.529320836067199707e-01 -8.656934499740600586e-01 7.457106709480285645e-01 4.438438117504119873e-01 9.683717489242553711e-01
-3.466456532478332520e-01 2.829931676387786865e-02 -3.544782996177673340e-01 5.257366225123405457e-03 8.854795247316360474e-02 -6.090162321925163269e-03 4.436773306224495173e-04 1.566004902124404907e-01 1.311287879943847656e-01 7.702052593231201172e-02 5.772812757641077042e-03 -1.389401853084564209e-01 -3.520093560218811035e-01 1.831842660903930664e-01 1.593223661184310913e-01 -3.418864309787750244e-02 -3.059252500534057617e-01 -4.017290472984313965e-01 9.597639739513397217e-02 6.733690202236175537e-02
-4.084727466106414795e-01 1.441782861948013306e-01 9.641780704259872437e-02 -3.657433986663818359e-01 9.257361888885498047e-01 9.494397640228271484e-01 8.361072540283203125e-01 -7.640050649642944336e-01 -4.070865809917449951e-01 7.904479652643203735e-02 -3.048938810825347900e-01 5.620246529579162598e-01 1.057291850447654724e-01 1.390369176864624023e+00 5.510763525962829590e-01 -6.037015914916992188e-01 -4.727650582790374756e-01 1.047449111938476562e+00 1.346274167299270630e-01 8.525600433349609375e-01
-1.172220855951309204e-01 7.875218987464904785e-02 -1.774003207683563232e-01 4.590706154704093933e-02 -1.751901507377624512e-01 -2.540936768054962158e-01 -5.750639736652374268e-02 -8.376681804656982422e-02 2.463297396898269653e-01 -3.519965708255767822e-01 6.958143413066864014e-02 1.049820408225059509e-01 -2.610164880752563477e-01 -3.513784706592559814e-02 2.844662778079509735e-02 -2.976911962032318115e-01 -2.895706295967102051e-01 -1.792218722403049469e-02 7.166016101837158203e-02 -1.454163491725921631e-01
o:1
3.761445879936218262e-01 -1.375240802764892578e+00 1.231355190277099609e+00 1.182708144187927246e+00 1.147048711776733398e+00 1.335700035095214844e+00 1.355949640274047852e+00 1.236999869346618652e+00 -1.084109187126159668e+00 1.165283203125000000e+00 -1.173096060752868652e+00 -7.250039279460906982e-02 1.332570195198059082e+00 -1.350920319557189941e+00 -2.663100063800811768e-01 1.405649662017822266e+00 -1.170318245887756348e+00 1.093119978904724121e+00 -9.934480190277099609e-01 -1.004443407058715820e+00 -1.252077698707580566e+00 -9.093592166900634766e-01 -1.298756837844848633e+00 1.841349005699157715e-01 -1.186890602111816406e+00 -1.184225440025329590e+00 -1.249366998672485352e+00 5.069105699658393860e-02 -1.183955192565917969e+00 3.210910856723785400e-01