i:1
num_hidden_layers:2
h:30:sigmoid
8.029811382293701172e-01
-1.659706085920333862e-01
-1.831542849540710449e-01
-5.062407851219177246e-01
9.277548789978027344e-01
1.668018698692321777e-01
-1.726799160242080688e-01
-7.505061030387878418e-01
-2.330230176448822021e-01
1.654164046049118042e-01
-7.092239856719970703e-01
-7.021694183349609375e-01
1.434989571571350098e-01
-6.550368666648864746e-01
-3.996602594852447510e-01
-1.800082772970199585e-01
-2.406720519065856934e-01
-2.992060184478759766e-01
2.070048600435256958e-01
1.695469468832015991e-01
8.994842767715454102e-01
-3.621541261672973633e-01
1.670522242784500122e-01
8.721261024475097656e-01
-1.259353280067443848e+00
1.782009303569793701e-01
9.260516166687011719e-01
-2.160764485597610474e-01
-3.220747411251068115e-01
8.247979879379272461e-01
h:20:relu
-2.136403620243072510e-01 -3.386906683444976807e-01 -4.388711452484130859e-01 1.580088287591934204e-01 -1.438156664371490479e-01 5.583137869834899902e-01 -3.316589891910552979e-01 4.592742025852203369e-01 -1.386721283197402954e-01 3.094373643398284912e-01 2.645758986473083496e-01 5.725916624069213867e-01 -9.810969233512878418e-02 4.379727318882942200e-02 -1.401474326848983765e-01 1.265100538730621338e-01 -4.687811732292175293e-01 -9.198761731386184692e-02 5.838830471038818359e-01 9.908118844032287598e-01 -1.659731566905975342e-02 -2.734822034835815430e-01 6.388179659843444824e-01 1.749027334153652191e-02 1.488730907440185547e-01 5.446216464042663574e-01 -8.880874142050743103e-03 -2.329259812831878662e-01 -4.466869235038757324e-01 -4.953521490097045898e-01
6.087447404861450195e-01 -4.701157659292221069e-02 -5.028890967369079590e-01 -2.812417149543762207e-01 4.631920754909515381e-01 1.101281568408012390e-01 -3.582217991352081299e-01 -1.148846626281738281e+00 -3.495400846004486084e-01 9.229535609483718872e-02 -1.093962907791137695e+00 -1.201293587684631348e+00 6.597898434847593307e-03 -1.090887904167175293e+00 -1.150086879730224609e+00 -8.930968642234802246e-01 -1.425577700138092041e-01 -5.757572650909423828e-01 4.675638675689697266e-01 4.978242516517639160e-01 2.488014549016952515e-01 -1.537875831127166748e-01 1.512958109378814697e-01 5.487154126167297363e-01 -3.632246851921081543e-01 4.102386832237243652e-01 4.693623781204223633e-01 -3.139004409313201904e-01 -1.568307578563690186e-01 6.108453273773193359e-01
-2.184871673583984375e+00 3.523452579975128174e-01 4.600330889225006104e-01 -2.149218320846557617e-01 -3.373633384704589844e+00 -6.815813183784484863e-01 1.141974925994873047e-01 5.918272137641906738e-01 -1.019900664687156677e-01 -1.825197488069534302e-01 3.562862575054168701e-01 5.332356095314025879e-01 -2.752659618854522705e-01 1.921572685241699219e-01 -1.543484926223754883e-01 3.881976902484893799e-01 3.759022802114486694e-02 -2.384990900754928589e-01 -3.879478201270103455e-02 -9.768003970384597778e-02 -2.534065961837768555e+00 2.436115443706512451e-01 -2.948070764541625977e-01 -3.171061992645263672e+00 1.057693958282470703e-01 -2.548273205757141113e-01 -3.704501152038574219e+00 -1.619137078523635864e-01 -1.028854250907897949e-01 -3.302646636962890625e+00
3.120572865009307861e-01 -1.073224842548370361e-01 -1.602635383605957031e-01 -2.663764357566833496e-01 1.449712663888931274e-01 -8.930107206106185913e-02 -7.816040515899658203e-02 -1.948083490133285522e-01 -1.203918009996414185e-01 4.495724290609359741e-02 -1.678389310836791992e-01 -1.673690527677536011e-01 1.010068356990814209e-01 -3.399988710880279541e-01 1.941688954830169678e-01 2.371253669261932373e-01 -3.363562822341918945e-01 7.786256819963455200e-02 -5.263558030128479004e-02 -2.898998558521270752e-01 -3.333508074283599854e-01 -2.386024445295333862e-01 -4.870193451642990112e-02 2.188732475042343140e-01 5.890564247965812683e-02 9.484826028347015381e-02 -1.374851465225219727e-01 -3.251952305436134338e-02 7.910982519388198853e-02 -2.076997011899948120e-01
1.563590914011001587e-01 -2.203648686408996582e-01 -4.788476973772048950e-02 -3.605737090110778809e-01 -2.067674845457077026e-01 -1.236444711685180664e-01 -1.458153277635574341e-01 -3.540004789829254150e-01 -1.599339544773101807e-01 2.364027500152587891e-01 4.537350311875343323e-02 -2.971812188625335693e-01 -7.675348222255706787e-02 7.994629442691802979e-02 -9.669581055641174316e-02 1.898938417434692383e-01 3.200609385967254639e-01 -2.498660683631896973e-01 -3.252206146717071533e-01 7.415340840816497803e-02 1.217328291386365891e-02 -7.659495808184146881e-03 2.907125651836395264e-01 -1.493389308452606201e-01 -2.769650332629680634e-02 -2.296262234449386597e-01 3.100768625736236572e-01 -1.464558690786361694e-01 -2.293822169303894043e-02 -1.356919258832931519e-01
2.364473044872283936e-01 -9.759948253631591797e-01 -1.245349407196044922e+00 -1.059646725654602051e+00 -2.616318166255950928e-01 4.917093813419342041e-01 -7.714335322380065918e-01 -2.070584297180175781e+00 -1.136406540870666504e+00 3.409291803836822510e-01 -1.395951032638549805e+00 -1.305939555168151855e+00 2.927622497081756592e-01 -1.474731802940368652e+00 -1.743256330490112305e+00 -1.789032101631164551e+00 -1.812260150909423828e-01 -9.822245240211486816e-01 3.323179781436920166e-01 2.459904551506042480e-01 2.188153564929962158e-01 -9.148153066635131836e-01 4.076715558767318726e-02 -8.962660282850265503e-02 -1.242042303085327148e+00 -1.439399644732475281e-02 1.717537194490432739e-01 -5.299511551856994629e-01 -5.761674046516418457e-01 8.232584805227816105e-04
-1.296254754066467285e+00 4.421664178371429443e-01 -1.333368420600891113e-01 2.905604839324951172e-01 -1.994436621665954590e+00 9.220699779689311981e-03 2.628589570522308350e-01 5.620597004890441895e-01 1.732461452484130859e-01 -4.320539832115173340e-01 2.864933907985687256e-01 3.735442161560058594e-01 2.538860403001308441e-02 6.404809653759002686e-02 1.879326999187469482e-01 2.934034466743469238e-01 -8.088563568890094757e-03 1.189747005701065063e-01 1.510592848062515259e-01 -4.072619676589965820e-01 -1.521008849143981934e+00 -2.773277461528778076e-01 -1.291718482971191406e-01 -1.610734224319458008e+00 -2.027488127350807190e-02 -2.834662050008773804e-02 -2.100348949432373047e+00 1.434403192251920700e-02 1.644556224346160889e-01 -2.389834403991699219e+00
7.637392282485961914e-01 2.435375899076461792e-01 1.505221426486968994e-01 4.339442253112792969e-01 8.632207512855529785e-01 4.508259296417236328e-01 4.138333797454833984e-01 -1.026338577270507812e+00 5.773056298494338989e-02 9.295407682657241821e-02 -9.657472968101501465e-01 -7.247373461723327637e-01 -1.086608916521072388e-01 -5.043657422065734863e-01 -3.437708020210266113e-01 2.522804141044616699e-01 1.575259715318679810e-01 5.270631909370422363e-01 4.969924092292785645e-01 -3.598602116107940674e-02 2.611555159091949463e-01 -7.640802115201950073e-02 -1.627352684736251831e-01 2.663545608520507812e-01 -6.895682215690612793e-01 1.675223000347614288e-02 9.378991127014160156e-01 4.856594800949096680e-01 4.131503775715827942e-02 5.047532916069030762e-01
-2.836638092994689941e-01 -1.265981554985046387e+00 -1.056072711944580078e+00 -8.506171107292175293e-01 -2.548948228359222412e-01 3.733774721622467041e-01 -1.251029849052429199e+00 -1.058837056159973145e+00 -1.103700995445251465e+00 -8.449010550975799561e-02 -1.188146352767944336e+00 -1.366189718246459961e+00 8.037972450256347656e-02 -1.743981838226318359e+00 -1.299131870269775391e+00 -1.600212693214416504e+00 -1.858893036842346191e-01 -1.004535913467407227e+00 2.393266707658767700e-01 3.542871475219726562e-01 3.900209069252014160e-02 -9.296665787696838379e-01 4.895264506340026855e-01 2.645764946937561035e-01 -1.214506983757019043e+00 3.372771739959716797e-01 2.955296337604522705e-01 -6.317731142044067383e-01 -7.713140845298767090e-01 -1.118452847003936768e-01
2.351013571023941040e-02 1.911728978157043457e-01 1.864011883735656738e-01 4.704808294773101807e-01 -3.130089342594146729e-01 9.674273431301116943e-02 -4.930669441819190979e-02 2.053277045488357544e-01 2.807726562023162842e-01 5.742105841636657715e-01 3.536208271980285645e-01 -7.454785704612731934e-02 6.438685059547424316e-01 9.957223385572433472e-02 1.093516349792480469e-01 3.708933293819427490e-01 1.635316759347915649e-01 5.318972468376159668e-01 1.314308494329452515e-01 6.162487864494323730e-01 -3.359025716781616211e-01 4.576753675937652588e-01 7.170273661613464355e-01 -6.669718027114868164e-02 6.670981645584106445e-01 -4.954144358634948730e-03 -2.767998278141021729e-01 -2.667864318937063217e-03 4.523812234401702881e-01 -3.367987275123596191e-02
-4.851833581924438477e-01 -4.247243702411651611e-01 -5.059257745742797852e-01 2.106279581785202026e-01 -4.024030268192291260e-02 8.121596574783325195e-01 -4.743406772613525391e-01 3.628698885440826416e-01 -4.421060979366302490e-01 8.870508670806884766e-01 4.374193847179412842e-01 1.750413924455642700e-01 -1.269078701734542847e-01 8.326527476310729980e-02 1.173440366983413696e-01 -1.224626451730728149e-01 -1.448109745979309082e-01 -4.290137887001037598e-01 2.209151089191436768e-01 6.333321928977966309e-01 -2.200563102960586548e-01 -8.159210532903671265e-02 6.741226911544799805e-01 1.384428609162569046e-02 2.976525127887725830e-01 7.250884175300598145e-01 1.308604795485734940e-02 -4.539957642555236816e-01 7.353229075670242310e-02 5.184160917997360229e-02
3.455278277397155762e-02 3.199798464775085449e-01 2.965690493583679199e-01 8.494576811790466309e-02 3.026669621467590332e-01 -1.086068302392959595e-01 -2.011145949363708496e-01 -2.433867007493972778e-01 -2.562552690505981445e-03 -1.802650839090347290e-01 -1.432821601629257202e-01 7.694092392921447754e-02 -1.459664106369018555e-02 7.151016592979431152e-02 1.340395212173461914e-01 -1.002889573574066162e-01 2.846946716308593750e-01 1.095865964889526367e-01 -2.187423259019851685e-01 1.227164268493652344e-02 -1.730846613645553589e-01 -7.450908422470092773e-03 1.514407992362976074e-01 -2.513051629066467285e-01 -1.278454065322875977e-01 -2.227666378021240234e-01 -2.514294683933258057e-01 -2.945116162300109863e-01 -1.998313814401626587e-01 -3.546062111854553223e-02
3.676731288433074951e-01 -6.128490567207336426e-01 -9.551637172698974609e-01 -5.953633189201354980e-01 -1.232398152351379395e-01 -2.392664104700088501e-01 -9.521092176437377930e-01 -1.530753254890441895e+00 -4.507478177547454834e-01 2.442301064729690552e-01 -1.424218773841857910e+00 -1.603950023651123047e+00 -1.273990571498870850e-01 -1.496750116348266602e+00 -1.404373645782470703e+00 -1.424714088439941406e+00 3.693998456001281738e-01 -5.171204805374145508e-01 3.026477694511413574e-01 1.077724397182464600e-01 1.602003574371337891e-01 -1.447352617979049683e-01 3.858680427074432373e-01 3.026890456676483154e-01 -1.070807337760925293e+00 -9.551025927066802979e-03 1.195232048630714417e-01 -1.919097453355789185e-01 -1.102468892931938171e-01 2.240708023309707642e-01
5.117903947830200195e-01 -5.758060216903686523e-01 -4.829969406127929688e-01 -3.489961326122283936e-01 4.138309061527252197e-01 1.104758083820343018e-01 -2.831934690475463867e-01 -2.701786518096923828e+00 -7.592627406120300293e-01 9.850993007421493530e-02 -2.533584594726562500e+00 -2.493774414062500000e+00 4.851940274238586426e-01 -2.156616687774658203e+00 -1.704266786575317383e+00 -1.183274626731872559e+00 -4.307820796966552734e-01 -3.148325681686401367e-01 5.990197658538818359e-01 2.101033776998519897e-01 2.247224748134613037e-01 -6.269116997718811035e-01 1.270473599433898926e-01 1.596720367670059204e-01 -8.831198811531066895e-01 6.967142820358276367e-01 6.552830934524536133e-01 -5.626129508018493652e-01 -1.178465560078620911e-01 5.744886398315429688e-01
3.412522077560424805e-01 -2.866272330284118652e-01 -8.219592571258544922e-01 -4.821792542934417725e-01 1.413997113704681396e-01 -4.227193538099527359e-03 -3.441435396671295166e-01 -2.004511356353759766e+00 -1.962857991456985474e-01 3.581269979476928711e-01 -1.754415988922119141e+00 -1.921290874481201172e+00 -1.885497123003005981e-01 -1.746292829513549805e+00 -1.254201173782348633e+00 -1.123588442802429199e+00 2.296096682548522949e-01 -6.341732144355773926e-01 -1.076738238334655762e-01 -4.729383066296577454e-02 3.189213275909423828e-01 -1.796830445528030396e-03 -1.818765401840209961e-01 1.408373713493347168e-01 -6.682832837104797363e-01 -3.461159020662307739e-02 2.844876348972320557e-01 -3.447389900684356689e-01 -4.193051159381866455e-01 3.376420438289642334e-01
-2.989799380302429199e-01 -2.706528306007385254e-01 3.299137353897094727e-01 -3.839093446731567383e-02 -2.489721477031707764e-01 -3.457618951797485352e-01 -1.580709218978881836e-01 3.197247385978698730e-01 2.179815173149108887e-01 2.354979515075683594e-01 -2.411716282367706299e-01 -1.853974312543869019e-01 -2.441785782575607300e-01 -2.192728072404861450e-01 -1.164997667074203491e-01 1.322045922279357910e-02 -3.199856877326965332e-01 2.682324647903442383e-01 3.247858881950378418e-01 2.183139324188232422e-01 -9.814301133155822754e-02 -1.064845770597457886e-01 9.398886561393737793e-02 -6.765127182006835938e-04 8.587467670440673828e-02 4.122823476791381836e-02 1.873414516448974609e-01 -1.378629803657531738e-01 -6.417363882064819336e-02 8.936247229576110840e-02
-9.628409892320632935e-02 -2.029791921377182007e-01 -4.259562492370605469e-01 -3.123818039894104004e-01 -1.369179189205169678e-01 7.505884766578674316e-01 -2.789402902126312256e-01 2.153008878231048584e-01 -4.948262274265289307e-01 8.474576473236083984e-01 3.563674688339233398e-01 5.232534408569335938e-01 2.250299155712127686e-01 4.148335456848144531e-01 -1.837194114923477173e-01 -4.831573665142059326e-01 -3.387688472867012024e-02 -2.123411893844604492e-01 3.537778258323669434e-01 9.017547369003295898e-01 -1.386513113975524902e-01 -8.788213878870010376e-02 6.085488200187683105e-01 -2.708784639835357666e-01 1.736120432615280151e-01 7.389237284660339355e-01 -3.639994263648986816e-01 -1.245852187275886536e-01 -2.305569797754287720e-01 -4.179584085941314697e-01
-2.539593875408172607e-01 -4.363343119621276855e-01 -4.103885591030120850e-01 1.026371717453002930e-01 -2.521799206733703613e-01 6.969244480133056641e-01 -3.566087782382965088e-01 -4.425606131553649902e-02 -7.163929194211959839e-02 3.462826311588287354e-01 4.654023051261901855e-01 1.697186231613159180e-01 -1.639898568391799927e-01 3.118515610694885254e-01 1.045539751648902893e-01 -2.049642950296401978e-01 -4.767525792121887207e-01 3.117455728352069855e-02 6.321397423744201660e-01 7.718139886856079102e-01 -5.483037605881690979e-02 -1.279766559600830078e-01 7.885448932647705078e-01 -2.519753016531467438e-02 7.721118628978729248e-02 7.597236633300781250e-01 1.919978708028793335e-01 -4.943078756332397461e-01 1.206843778491020203e-01 -1.883162744343280792e-02
-2.104233205318450928e-01 -4.453395679593086243e-02 -2.959041893482208252e-01 -3.307981416583061218e-02 1.124465242028236389e-01 -2.592946290969848633e-01 -2.531871385872364044e-02 4.505428671836853027e-02 2.190749794244766235e-01 2.448640465736389160e-01 -2.735106050968170166e-01 2.705979347229003906e-01 1.644330322742462158e-01 -2.590959668159484863e-01 2.905776798725128174e-01 -1.184725910425186157e-01 -2.645750939846038818e-01 2.350884377956390381e-01 -1.569344401359558105e-01 -2.031852751970291138e-01 -1.970961987972259521e-01 7.380257546901702881e-02 -3.807343542575836182e-02 -8.691372722387313843e-02 1.706521362066268921e-01 1.887911260128021240e-01 -2.923355698585510254e-01 1.279386132955551147e-01 -3.497475385665893555e-01 1.496311724185943604e-01
4.423011243343353271e-01 -7.011332362890243530e-02 8.574579656124114990e-02 5.278972983360290527e-01 -3.568129381164908409e-03 9.620412588119506836e-01 -9.710755944252014160e-02 2.160900533199310303e-01 4.276907742023468018e-01 6.434543728828430176e-01 -9.028758108615875244e-02 3.275942802429199219e-01 7.366105914115905762e-01 -4.043935611844062805e-02 5.705947279930114746e-01 6.903499364852905273e-02 4.096162915229797363e-01 3.070522658526897430e-02 2.419863939285278320e-01 9.173618555068969727e-01 6.668229401111602783e-02 4.813131690025329590e-01 7.493507266044616699e-01 1.325566619634628296e-01 6.454567909240722656e-01 7.004963159561157227e-01 1.827263683080673218e-01 2.593350363895297050e-03 3.750610053539276123e-01 3.629914224147796631e-01
o:1
1.254365086555480957e+00 -1.224893927574157715e+00 1.561884284019470215e+00 -5.213268846273422241e-02 1.294459551572799683e-01 -2.797759056091308594e+00 1.385570049285888672e+00 7.512056827545166016e-01 -3.112284898757934570e+00 -7.598053216934204102e-01 1.236668109893798828e+00 4.274443984031677246e-01 1.175569772720336914e+00 -1.187608003616333008e+00 1.248178958892822266e+00 2.361877560615539551e-01 2.031673431396484375e+00 9.464367032051086426e-01 2.636147141456604004e-01 -6.955937743186950684e-01